The Algorithm Design Manual
0 0 0  | 0 0 0  | 0 1 2
0 0 0  | 0 3 5  | 0 0 0
0 0 0  | 6 0 0  | 0 7 0
-------------------------
7 0 0  | 0 0 0  | 3 0 0
0 0 0  | 4 0 0  | 8 0 0
1 0 0  | 0 0 0  | 0 0 0
-------------------------
0 0 0  | 1 2 0  | 0 0 0
0 8 0  | 0 0 0  | 0 4 0
0 5 0  | 0 0 0  | 6 0 0

Solution found!
6 7 3  | 8 9 4  | 5 1 2
9 1 2  | 7 3 5  | 4 8 6
8 4 5  | 6 1 2  | 9 7 3
-------------------------
7 9 8  | 2 6 1  | 3 5 4
5 2 6  | 4 7 3  | 8 9 1
1 3 4  | 5 8 9  | 2 6 7
-------------------------
4 6 9  | 1 2 8  | 7 3 5
2 8 7  | 3 5 6  | 1 4 9
3 5 1  | 9 4 7  | 6 2 8


