Zeros
0 0 0  | 0 0 0  | 0 0 0
0 2 0  | 0 0 0  | 0 0 0
0 0 0  | 0 0 0  | 0 0 0
-------------------------
0 0 0  | 0 0 0  | 0 0 0
0 0 0  | 0 0 0  | 0 0 0
0 0 0  | 0 0 0  | 0 0 0
-------------------------
0 0 0  | 0 0 0  | 0 0 0
0 0 0  | 0 0 0  | 0 0 0
0 0 0  | 0 0 0  | 0 0 1

Solution found!
1 3 4  | 2 5 6  | 7 8 9
5 2 6  | 7 8 9  | 1 3 4
7 8 9  | 1 3 4  | 2 5 6
-------------------------
2 1 3  | 4 6 5  | 8 9 7
4 5 7  | 8 9 1  | 3 6 2
6 9 8  | 3 2 7  | 4 1 5
-------------------------
3 4 5  | 6 1 2  | 9 7 8
9 7 1  | 5 4 8  | 6 2 3
8 6 2  | 9 7 3  | 5 4 1


Finished in 0.024654865264892578